Año	Municipio	Area Sembrada	Area Cosechada	Produccion (ton)	Rendimiento (ha/ton)
2007	LA UNION	4.424,00	3.684,00	7.000,00	1,90
2008	LA UNION	4.480,00	4.300,00	7.095,00	1,65
2009	LA UNION	4.442,00	3.782,00	4.338,00	1,15
2010	LA UNION	3.554,00	2.814,00	3.376,80	1,20
2011	LA UNION	4.035,00	2.035,00	2.442,00	1,20
2012	LA UNION	4.909,00	3.307,00	3.968,40	1,20
2013	LA UNION	5.208,00	4.338,90	4.309,43	0,99
2014	LA UNION	5.038,91	4.206,63	4.517,70	1,07
2015	LA UNION	5.005,72	4.218,37	4.772,94	1,13
2016	LA UNION	4.987,55	4.120,38	4.821,51	1,17
2017	LA UNION	4.897,09	4.233,48	4.280,91	1,01
2018	LA UNION	4.844,57	4.247,53	4.393,05	1,03
2019	LA UNION	4.666,00	3.709,00	4.850,00	1,31
2020	LA UNION	4.604,00	3.752,00	4.536,00	1,21
2021	LA UNION	4.504,12	3.850,12	3.850,12	1,00
2022	LA UNION	4.512,28	3.651,82	3.388,71	0,93
2023	LA UNION	4.462,48	3.559,03	3.028,00	0,85
2024	LA UNION	4.280,36	3.268,68	3.519,78	1,08
